100 3 1
0.202667182433 0.0547197011151 0.153230424636
1
-0.928579089611 0.0556030386657 0.158834616894
1
-0.0671676504613 0.0390471700405 0.298100400712
1
0.843387208544 0.0278089822098 0.205612795412
-1
0.103371746108 0.0568585751028 0.312362294314
1
0.368143281447 0.0369638825099 0.277702384944
1
-0.0673391401883 0.0508872176707 0.197484749269
1
-0.407512152145 0.0487308276755 0.161806025817
1
0.686591913525 0.0479657433903 0.30746326397
1
0.394552405557 0.0377045751157 0.165866035503
-1
-0.758371136181 0.0298058234605 0.245830024381
1
-0.0412355637823 0.0203553939449 0.188588397289
1
0.37403440168 0.0540931491589 0.190978879446
1
-0.535734192674 0.0514563802089 0.303269845026
1
0.41115180052 0.0239391639297 0.19194803713
-1
-0.511062520189 0.0206138494556 0.225622016636
1
-0.168197436055 0.0292952758987 0.241484307303
1
0.850217189487 0.0458389877194 0.161516697347
1
-0.588218318502 0.0259997661128 0.187166979104
1
0.858867364161 0.049700483447 0.243484867308
1
0.00579438715918 0.0439459884098 0.250722158406
1
-0.919935479028 0.058895923553 0.274361881049
1
0.840238224005 0.0594053211921 0.339447970654
1
0.512745185073 0.0438182565562 0.312732648726
1
-0.85598849622 0.0319192700961 0.220336871662
1
0.370365526744 0.0210155045378 0.260566388021
1
-0.41334113542 0.0557716245785 0.25998704617
1
-0.522716926973 0.0203326551591 0.254585571924
1
-0.327844708625 0.0289833860877 0.229765588181
1
0.19160726702 0.0207485331546 0.184510745268
-1
0.096814521038 0.0317301613547 0.342124897891
1
-0.873937590479 0.0227803048038 0.189679166171
1
0.0158405450872 0.0245406475426 0.259336754238
1
0.535269951738 0.0485610739458 0.334166802218
1
0.0698587354153 0.0360911468561 0.282544775835
1
-0.973031446021 0.0523713124508 0.194144839374
1
0.90214008937 0.0452555557459 0.285882570348
1
-0.809011315775 0.0272208092472 0.270377618185
1
0.653099723151 0.0551549225432 0.202397776507
1
0.989696316748 0.0231459778075 0.215942243216
-1
-0.504640780675 0.0359251864984 0.294782839879
1
0.189112728172 0.0489138862244 0.275564807803
1
0.787685933969 0.0378594673762 0.292858878956
1
-0.83314929169 0.0404493855028 0.337025294095
1
0.0954898373721 0.0431888144685 0.301798757861
1
0.864683981979 0.0248205752635 0.246418126304
-1
0.931947520724 0.0334478983611 0.192647400348
-1
0.421142561082 0.0325804827297 0.216226539456
-1
0.796595983887 0.0476310212461 0.221026834908
1
-0.0441590264899 0.0294806688405 0.295077170386
1
0.933946732503 0.0401029583424 0.153660397026
1
0.741642717364 0.027635124057 0.249564907443
-1
-0.895963281165 0.0238168391251 0.208069008189
1
0.628148911246 0.0376229152024 0.189652692021
-1
-0.912069171305 0.0358300142286 0.311166881252
1
0.933154703401 0.0414423104099 0.243714938643
1
-0.415440940547 0.0338811321096 0.185918771559
1
0.335374333189 0.0358094534454 0.268171832517
1
-0.678071118173 0.0416376210269 0.33292460693
1
0.766225927486 0.0434797281445 0.287334791151
1
-0.0099228848672 0.0590393740564 0.153955562629
1
-0.935535636738 0.056567499287 0.285821940308
1
0.369504499055 0.0586769658259 0.313004518877
1
0.052563140423 0.0545595559888 0.329529220776
1
-0.778418794872 0.0380824902952 0.191205643303
1
0.647792080508 0.0358607525273 0.349568379232
1
0.630205827576 0.0427628610986 0.225562816015
1
0.664271287976 0.058368466799 0.190943071437
1
-0.597499178583 0.0201628877546 0.287346864891
1
-0.294351549421 0.0540843839807 0.346385280079
1
-0.875351186251 0.0328747145216 0.171065924348
1
0.79066645544 0.0355812347473 0.237951578502
-1
-0.924208966795 0.028641478841 0.334768031515
1
0.52480079619 0.0393068224618 0.347329807594
1
0.168844143148 0.0557060730025 0.163123972484
1
-0.231063026259 0.0264677964307 0.246911775058
1
-0.418343946032 0.0517862622799 0.267831401716
1
0.500186803248 0.0489671203998 0.27256937258
1
-0.93590166208 0.0469137851802 0.328154050413
1
0.829158436008 0.0409302276767 0.251074863995
1
0.975833993781 0.0353656308148 0.252077470189
1
0.0721917093253 0.0490935625863 0.348312922052
1
-0.612947368804 0.0328920244265 0.159446625099
1
-0.546863609268 0.0431252734075 0.334033897166
1
-0.0979187432072 0.0511356738158 0.27342596891
1
0.810949057571 0.0504249616273 0.240648958943
1
0.677036929112 0.0387419818028 0.296582513806
1
0.115168588759 0.0340106828127 0.27810903458
1
0.962732120436 0.0365424403601 0.28915665826
1
0.785064096926 0.0374160458895 0.326335371886
1
-0.835036094022 0.0450145852458 0.320201682475
1
0.868168075676 0.0484502687399 0.179960389598
1
-0.497718876642 0.0587959015019 0.300220294602
1
0.262695354067 0.0426173484583 0.254639907405
1
0.636141017759 0.0349572799231 0.335560934123
1
-0.740498205196 0.0282664568752 0.349842995162
1
0.230054735287 0.0334897156784 0.201190698385
-1
-0.728789437945 0.0207187179144 0.294988193129
1
0.542502652221 0.0352740865629 0.244529846183
-1
-0.408016015225 0.0409264150911 0.310127817169
1